    0 0.00000   0 *
61449 3.09425   9  *
61437 3     *
62457 3.14501 249                                *
62454 3.14486 246                               *
62459 3.14511 251                                *
62464 3.14536   0 *
62470 3.14566   6 *
62468 3.14556   4 *
62479 3.14612  15  *
62483 3.14632  19   *
2438 3.14405 230                             *
62442 3.14425 234              62486 3.14647  22   *
62490 3.14667  26    *
62500 3.14717  36     *
62498 3.14707  34     *
62502 3.14727  38     *
62502 3.14727  38     *
62501 3.14722  37     *
62502 3.14727  38     *
62504 3.14737  40      *
62507 3.14753  43      *
62503 3.14732  39     *
62500 3.14717  36     *
62498 3.14707  34     *
62529 3.14863  65         *
62528 3.14858  64         *
62527 3.14853  63        *
62528 3.14858  64         *
62522 3.14828  58        *
62525 3.14843  61        *
62529 3.14863  65         *
62547 3.14954  83           *
63063 3.17552  87           *
62743 3.15941  23   *
62489 3.14662  25    *
62481 3.14622  17   *
62479 3.14612  15  *
62500 3.14717  36     *
62509 3.14763  45      *
62509 3.14763  45      *
62512 3.14778  48       *
62509 3.14763  45      *
62514 3.14788  50       *
62520 3.14818  56        *
62531 3.14873  67         *
62518 3.14808  54       *
62427 3.14350 219                            *
62515 3.14793  51       *
62515 3.14793  51       *
62521 3.14823  57        *
62531 3.14873  67         *
62536 3.14899  72          *
62537 3.14904  73          *
62537 3.14904  73          *
62534 3.14889  70         *
62535 3.14894  71          *
62529 3.14863  65         *
62546 3.14949  82           *
62538 3.14909  74          *
62531 3.14873  67         *
62572 3.15080 108              *
62531 3.14873  67         *
62513 3.14783  49       *
62571 3.15075 107              *
62562 3.15030  98             *
62567 3.15055 103             *
62552 3.14979  88            *
62547 3.14954  83           *
62544 3.14939  80           *
62541 3.14924  77          *
62543 3.14934  79          *
62536 3.14899  72          *
62534 3.14889  70         *
62536 3.14899  72          *
62537 3.14904  73          *
62538 3.14909  74          *
62531 3.14873  67         *
62525 3.14843  61        *
62534 3.14889  70         *
62552 3.14979  88            *
62562 3.15030  98             *
62558 3.15009  94            *
62555 3.14994  91            *
62563 3.15035  99            *
62554 3.14989  90            *
62545 3.14944  81           *
62563 3.15035  99             *
62564 3.15040 100             *
62583 3.15135 119               *
62570 3.15070 106              *
62570 3.15070 106              *
62576 3.15100 112               *
62582 3.15130 118               *
62581 3.15125 117                *
62586 3.15150 122                *
62585 3.15145 121                *
62599 3.15216 135                 *
62611 3.15276 147                   *
62617 3.15306 153                    *
62622 3.15332 158                    *
62619 3.15317 155                    *
62631 3.15377 167                     *
62629 3.15367 165                     *
62638 3.15412 174                      *
62637 3.15407 173                      *
62651 3.15478 187                        *
62634 3.15392 170                      *
62639 3.15417 175                      *
62658 3.15513 194                         *
62641 3.15427 177                       *
62647 3.15458 183                       *
62627 3.15357 163                    *
62632 3.15382 168                      *
62625 3.15347 161                     *
62618 3.15312 154                    *
62615 3.15296 151                   *
62611 3.15276 147                   *
62610 3.15271 146                   *
62605 3.15246 141                  *
62604 3.15241 140                  *
62608 3.15261 144                   *
62623 3.15337 159                    *
62641 3.15427 177                       *
62650 3.15473 186                        *
62651 3.15478 187                        *
62649 3.15468 185                        *
62644 3.15442 180                       *
62646 3.15453 182                       *
62651 3.15478 187                        *
62649 3.15468 185                        *
62663 3.15538 199                         *
62670 3.15573 206                          *
62681 3.15629 217                            *
62680 3.15624 216                            *
62673 3.15588 209                           *
62734 3.15896  14  *
62707 3.15760 243                               *
62698 3.15714 234                              *
62656 3.15503 192                         *
62674 3.15594 210                           *
62700 3.15724 236                              *
62706 3.15755 242                               *
62715 3.15800 251                                *
62724 3.15845   4 *
62723 3.15840   3 *
62723 3.15840   3 *
62725 3.15850   5 *
62730 3.15875  10  *
62731 3.15881  11  *
62719 3.15820 255                                *
62721 3.15830   1 *
62726 3.15855   6 *
62737 3.15911  17   *
62745 3.15951  25    *
62752 3.15986  32     *
62752 3.15986  32     *
62753 3.15991  33     *
62749 3.15971  29    *
62742 3.15936  22   *
62749 3.15971  29    *
62756 3.16006  36     *
62691 3.15679 227                             *
62689 3.15669 225                             *
62725 3.15850   5 *
62727 3.15860   7 *
62717 3.15810 253                                *
62723 3.15840   3 *
62716 3.15805 252                                *
62717 3.15810 253                                *
62719 3.15820 255                                *
62733 3.15891  13  *
62736 3.15906  16   *
62730 3.15875  10  *
62727 3.15860   7 *
62736 3.15906  16   *
62730 3.15875  10  *
62721 3.15830   1                                *
62715 3.15800 251                                *
62711 3.15780 247                               *
62714 3.15795 250                                *
62718 3.15815 254                                *
62721 3.15830   1 *
62721 3.15830   1 *
62717 3.15810 253                                *
62722 3.15835   2 *
62713 3.15790 249                                *
62722 3.15835   2 *
62731 3.15881  11  *
62735 3.15901  15  *
62733 3.15891  13  *
62710 3.15775 246                               *
62749 3.15971  29    *
62740 3.15926  20   *
62728 3.15865   8  *
62731 3.15881  11  *
62736 3.15906  16   *
62738 3.15916  18   *
62741 3.15931  21   *
62742 3.15936  22   *
62734 3.15896  14  *
62733 3.15891  13  *
62724 3.15845   4 *
62725 3.15850   5 *
62729 3.15870   9  *
62748 3.15966  28    *
62755 3.16001  35     *
62764 3.16047  44      *
62770 3.16077  50       *
62778 3.16117  58        *
62786 3.16157  66         *
62786 3.16157  66         *
62783 3.16142  63        *
62864 3.16550 144                   *
62806 3.16258  86           *
62772 3.16087  52       *
62718 3.15815 254                                *
62799 3.16223  79          *
62796 3.16208  76          *
62802 3.16238  82           *
62818 3.16319  98             *
62828 3.16369 108              *
62826 3.16359 106              *
62828 3.16369 108              *
62825 3.16354 105              *
62818 3.16319  98             *
62818 3.16319  98             *
62827 3.16364 107              *
62833 3.16394 113               *
62835 3.16404 115               *
62841 3.16434 121                *
62842 3.16439 122                *
62799 3.16223  79          *
62851 3.16485 131                 *
62853 3.16495 133                 *
62851 3.16485 131                 *
62840 3.16429 120                *
62840 3.16429 120                *
62841 3.16434 121                *
62856 3.16510 136                  *
62848 3.16470 128                 *
62853 3.16495 133                 *
62839 3.16424 119               *
62848 3.16470 128                 *
62835 3.16404 115               *
62828 3.16369 108              *
62823 3.16344 103             *
62828 3.16369 108              *
62826 3.16359 106              *
62836 3.16409 116               *
62835 3.16404 115               *
62835 3.16404 115               *
62842 3.16439 122                *
62843 3.16444 123                *
62922 3.16842 202                          *
62767 3.16062  47      *
62779 3.16122  59        *
62799 3.16223  79          *
62809 3.16273  89            *
62813 3.16293  93            *
62817 3.16314  97             *
62822 3.16339 102             *
62821 3.16334 101             *
62831 3.16384 111              *
