    0 0.00000   0 *
62144 3.12925 192               *
63251 3.18499  19   *
63328 3.18887  96             *
63345 3.18972 113               *
63365 3.19073 133                 *
63519 3.19848  31    *
63376 3.19128 144                   *
63381 3.19154 149                   *
63468 3.19592 236                              *
63398 3.19239 166                          *
63390 3.19199 158                     *
63456 3.19531 224                             *
63507 3.19788  19   *
63460 3.19551 228                             *
63479 3.19647 247                               *
63479 3.19647 247                               *
63486 3.19682 254                                *
63475 3.19627 243                               *
63480 3.19652 248                                *
63486 3.19682 254                                *
63531 3.19909  43      *
63490 3.19702   2 *
63527 3.19889  39     *
63549 3.20000  61        *
63537 3.19939  49       *
63551 3.20010  56        *
63553 3.20020  61         *
63565 3.20080  61          *
63565 3.20080  61          *
63590 3.20206  61             *
63573 3.20120  61           *
63595 3.20231  61              *
63595 3.20231  61              *
63610 3.20307  61                *
63601 3.20261  61               *
63586 3.20186  61             *
29001 1.46034  73          *
30174 1.51940 222                            *
29559 1.48844 119               *
27419 1.38068  27    *
28261 1.42308 101             *
41451 2.08726 235                              *
54159 2.72716 143                  *
45257 2.27891 201                          *
32245 1.62369 245                               *
40805 2.05473 101             *
28960 1.45827  32     *
54245 2.73149 229                             *
48519 2.44316 135                 *
43568 2.19386  48       *
44311 2.23127  23                 *
46039 2.31828 215         *
47404 2.38702  44                    *
48423 2.43833  39     *
49787 2.50701 123                *
50703 2.55314  15  *
51883 2.61256 171                      *
57227 2.88165 139                  *
57613 2.90109  13  *
57858 2.91343   2 *
58083 2.92476 227                             *
58339 2.93765 227                             *
58548 2.94817 180                       *
58711 2.95638  87           *
58828 2.96227 204                          *
58940 2.96791  60        *
59034 2.97264 154                    *
59119 2.97692 239                              *
59216 2.98181  80           *
59299 2.98599 163                     *
59357 2.98891 221                            *
59426 2.99238  34      *
59468 2.99450  76          *
59546 2.99843 154                    *
59564 2.99933 172                      *
59604 3.00135 212                           *
59716 3.00699  68           *
59783 3.01036 135                 *
59863 3.01439 215                           *
59895 3.01600 247                               *
59960 3.01927  56        *
60021 3.02234 117               *
60093 3.02597 189                        *
60133 3.02798 229                             *
60173 3.03000  13  *
60201 3.03141  41      *
60236 3.03317  76          *
60290 3.03589 130                 *
60337 3.03826 177                      *
60393 3.04108 233                              *
60410 3.04193 250                                *
60438 3.04334  22   *
60480 3.04546  64         *
60576 3.05029 160                      *
60618 3.05241 202                          *
60577 3.05034 161                     *
60577 3.05034 161                      *
60630 3.05301 214                           *
60658 3.05442 242                               *
60683 3.05568  11  *
60708 3.05694  36     *
60727 3.05789  55       *
60729 3.05800  57        *
60746 3.05885  74          *
60778 3.06046 106              *
60799 3.06152 127                *
60810 3.06207 138                  *
60767 3.05991  95            *
60841 3.06363 169                      *
60848 3.06399 176                       *
60866 3.06489 194                         *
60885 3.06585 213                           *
60905 3.06686 233                              *
60925 3.06786 253                                *
60940 3.06862  12  *
60972 3.07023  44      *
60983 3.07079  55       *
60998 3.07154  70         *
61021 3.07270  93            *
61070 3.07517 142                  *
61055 3.07441 127                *
61089 3.07612 161                     *
61101 3.07673 173                      *
61112 3.07728 184                        *
61100 3.07668 172                      *
61132 3.07829 204                          *
61134 3.07839 206                          *
61139 3.07864 211                           *
61155 3.07945 227                             *
61164 3.07990 236                              *
61181 3.08076 253                                *
61188 3.08111   4 *
61203 3.08186  19   *
61218 3.08262  34     *
61220 3.08272  36     *
61208 3.08211  24    *
61234 3.08342  50       *
61248 3.08413  64         *
61258 3.08463  74          *
61261 3.08478  77          *
61269 3.08519  85           *
61288 3.08614 104              *
61297 3.08660 113               *
61312 3.08735 128                 *
